249 156
250 156
251 156
252 156
253 156
254 156
255 156
256 156
257 156
258 156
259 156
260 156
261 156
262 156
263 156
241 157
242 157
243 157
244 157
245 157
246 157
247 157
248 157
264 157
265 157
266 157
267 157
268 157
269 157
270 157
271 157
272 157
235 158
236 158
237 158
238 158
239 158
240 158
273 158
274 158
275 158
276 158
277 158
231 159
232 159
233 159
234 159
235 159
278 159
279 159
280 159
281 159
228 160
229 160
230 160
282 160
283 160
284 160
285 160
224 161
225 161
226 161
227 161
286 161
287 161
288 161
222 162
223 162
224 162
289 162
290 162
291 162
219 163
220 163
221 163
292 163
293 163
294 163
217 164
218 164
294 164
295 164
296 164
214 165
215 165
216 165
296 165
297 165
298 165
212 166
213 166
214 166
299 166
300 166
210 167
211 167
212 167
301 167
302 167
208 168
209 168
210 168
303 168
304 168
207 169
208 169
305 169
306 169
205 170
206 170
306 170
307 170
308 170
203 171
204 171
205 171
308 171
309 171
202 172
203 172
310 172
311 172
200 173
201 173
311 173
312 173
313 173
199 174
200 174
313 174
314 174
197 175
198 175
314 175
315 175
196 176
197 176
316 176
317 176
195 177
196 177
317 177
318 177
193 178
194 178
318 178
319 178
192 179
193 179
319 179
320 179
321 179
191 180
192 180
321 180
322 180
190 181
191 181
322 181
323 181
189 182
190 182
323 182
324 182
187 183
188 183
189 183
324 183
325 183
186 184
187 184
325 184
326 184
185 185
186 185
326 185
327 185
184 186
185 186
327 186
328 186
183 187
184 187
328 187
329 187
183 188
329 188
330 188
182 189
330 189
331 189
181 190
182 190
331 190
332 190
180 191
181 191
332 191
333 191
179 192
180 192
333 192
334 192
178 193
179 193
334 193
177 194
178 194
334 194
335 194
177 195
335 195
336 195
176 196
177 196
336 196
337 196
175 197
176 197
337 197
174 198
175 198
338 198
174 199
338 199
339 199
173 200
174 200
339 200
340 200
172 201
173 201
340 201
172 202
340 202
341 202
171 203
172 203
341 203
171 204
342 204
170 205
342 205
343 205
169 206
170 206
343 206
169 207
343 207
344 207
168 208
169 208
344 208
168 209
345 209
167 210
345 210
167 211
346 211
166 212
346 212
166 213
347 213
165 214
347 214
165 215
348 215
164 216
165 216
348 216
164 217
348 217
349 217
163 218
164 218
349 218
163 219
349 219
350 219
163 220
350 220
162 221
350 221
162 222
351 222
162 223
351 223
161 224
351 224
161 225
352 225
161 226
352 226
160 227
352 227
160 228
353 228
160 229
353 229
159 230
353 230
159 231
353 231
159 232
354 232
159 233
354 233
158 234
354 234
158 235
354 235
158 236
355 236
158 237
355 237
158 238
355 238
157 239
355 239
157 240
355 240
157 241
356 241
157 242
356 242
157 243
356 243
157 244
356 244
156 245
157 245
356 245
156 246
356 246
156 247
356 247
156 248
356 248
156 249
356 249
156 250
357 250
156 251
357 251
156 252
357 252
156 253
357 253
156 254
357 254
156 255
357 255
156 256
357 256
156 257
357 257
156 258
357 258
156 259
357 259
156 260
357 260
156 261
357 261
156 262
357 262
156 263
357 263
156 264
357 264
156 265
356 265
156 266
356 266
156 267
356 267
156 268
356 268
157 269
356 269
157 270
356 270
157 271
356 271
157 272
356 272
157 273
355 273
157 274
355 274
157 275
158 275
355 275
158 276
355 276
158 277
355 277
158 278
354 278
355 278
158 279
354 279
159 280
354 280
159 281
354 281
159 282
354 282
159 283
353 283
160 284
353 284
160 285
353 285
160 286
352 286
160 287
161 287
352 287
161 288
352 288
161 289
351 289
352 289
161 290
162 290
351 290
162 291
351 291
162 292
350 292
163 293
350 293
163 294
350 294
163 295
164 295
349 295
164 296
349 296
164 297
348 297
165 298
348 298
165 299
347 299
348 299
165 300
166 300
347 300
166 301
346 301
347 301
166 302
167 302
346 302
167 303
345 303
346 303
167 304
168 304
345 304
168 305
344 305
345 305
169 306
344 306
169 307
170 307
343 307
170 308
342 308
343 308
170 309
171 309
342 309
171 310
341 310
342 310
172 311
341 311
172 312
173 312
340 312
173 313
339 313
340 313
173 314
174 314
339 314
174 315
175 315
338 315
175 316
337 316
338 316
176 317
336 317
337 317
176 318
177 318
336 318
177 319
178 319
335 319
178 320
179 320
334 320
335 320
179 321
333 321
334 321
180 322
332 322
333 322
180 323
181 323
331 323
332 323
181 324
182 324
330 324
331 324
182 325
183 325
330 325
183 326
184 326
329 326
330 326
184 327
185 327
328 327
329 327
185 328
186 328
327 328
328 328
186 329
187 329
326 329
327 329
187 330
188 330
325 330
326 330
188 331
189 331
323 331
324 331
189 332
190 332
322 332
323 332
190 333
191 333
321 333
322 333
192 334
193 334
320 334
321 334
193 335
194 335
319 335
320 335
194 336
195 336
317 336
318 336
319 336
195 337
196 337
316 337
317 337
197 338
198 338
315 338
316 338
198 339
199 339
313 339
314 339
315 339
199 340
200 340
201 340
312 340
313 340
201 341
202 341
310 341
311 341
312 341
203 342
204 342
309 342
310 342
204 343
205 343
206 343
307 343
308 343
206 344
207 344
305 344
306 344
307 344
208 345
209 345
304 345
305 345
209 346
210 346
211 346
302 346
303 346
211 347
212 347
213 347
300 347
301 347
213 348
214 348
215 348
297 348
298 348
299 348
216 349
217 349
218 349
295 349
296 349
297 349
218 350
219 350
220 350
293 350
294 350
295 350
221 351
222 351
223 351
290 351
291 351
292 351
223 352
224 352
225 352
226 352
287 352
288 352
289 352
226 353
227 353
228 353
229 353
284 353
285 353
286 353
230 354
231 354
232 354
233 354
280 354
281 354
282 354
283 354
234 355
235 355
236 355
237 355
238 355
275 355
276 355
277 355
278 355
279 355
238 356
239 356
240 356
241 356
242 356
243 356
244 356
268 356
269 356
270 356
271 356
272 356
273 356
274 356
245 357
246 357
247 357
248 357
249 357
250 357
251 357
252 357
253 357
254 357
255 357
256 357
257 357
258 357
259 357
260 357
261 357
262 357
263 357
264 357
265 357
266 357
267 357
268 357
