155.406 244.047
155.648 242.955
155.764 241.968
155.886 240.983
156.018 240.003
156.157 239.026
156.304 238.054
156.613 236.927
156.778 235.956
156.95 234.99
157.131 234.029
157.318 233.073
157.687 231.924
157.893 230.973
158.106 230.028
158.324 229.088
158.741 227.926
158.976 226.993
159.216 226.066
159.675 224.896
159.934 223.978
160.198 223.068
160.695 221.891
160.973 220.99
161.257 220.097
161.792 218.919
162.091 218.037
162.656 216.856
162.97 215.987
163.285 215.126
163.888 213.949
164.218 213.102
164.847 211.926
165.187 211.093
165.844 209.92
166.198 209.103
166.881 207.936
167.245 207.135
167.954 205.974
168.331 205.192
169.066 204.039
169.451 203.275
170.206 202.13
170.981 200.988
171.381 200.252
172.181 199.124
172.998 197.999
173.412 197.294
174.251 196.184
175.102 195.077
175.971 193.978
176.4 193.316
177.293 192.239
178.198 191.166
179.118 190.102
180.052 189.047
181.003 188.002
181.441 187.408
182.409 186.389
183.388 185.379
184.379 184.38
185.38 183.392
186.394 182.419
186.98 181.979
188.019 181.022
189.068 180.077
190.128 179.15
191.195 178.235
192.269 177.335
193.35 176.449
194.018 176.024
195.12 175.16
196.227 174.313
197.337 173.479
198.048 173.069
199.176 172.262
200.307 171.47
201.046 171.071
202.187 170.3
202.946 169.911
204.1 169.168
205.254 168.443
206.038 168.068
207.2 167.367
208.003 167.006
209.171 166.332
209.99 165.98
211.162 165.331
211.996 164.991
213.17 164.37
214.019 164.043
215.194 163.448
216.057 163.136
216.929 162.828
218.107 162.27
218.99 161.975
219.882 161.685
221.06 161.166
221.962 160.891
222.871 160.62
224.046 160.141
224.965 159.889
225.893 159.645
227.06 159.206
227.992 158.972
228.932 158.747
230.089 158.347
231.035 158.14
231.986 157.939
232.942 157.744
234.084 157.391
235.044 157.217
236.009 157.047
236.98 156.889
237.954 156.734
238.933 156.59
240.047 156.309
241.026 156.181
242.008 156.062
242.994 155.95
243.983 155.845
244.975 155.754
245.97 155.669
246.966 155.591
248.029 155.397
249.021 155.336
250.015 155.286
251.01 155.246
252.007 155.213
253.004 155.189
254.002 155.171
255.001 155.163
255.999 155.164
256.997 155.175
257.995 155.196
258.992 155.223
259.988 155.259
260.983 155.306
261.976 155.359
262.968 155.422
264.033 155.62
265.029 155.699
266.022 155.79
267.013 155.888
268.001 155.994
268.985 156.108
269.967 156.229
270.944 156.358
272.06 156.644
273.037 156.794
274.009 156.953
274.977 157.116
275.941 157.286
277.081 157.63
278.042 157.819
278.996 158.018
279.945 158.221
281.102 158.613
282.045 158.835
282.982 159.064
283.912 159.297
285.08 159.74
286.003 159.99
286.919 160.247
288.093 160.73
288.999 161.002
289.898 161.28
291.075 161.802
291.963 162.094
293.144 162.646
294.02 162.952
294.887 163.264
296.066 163.851
296.921 164.174
297.767 164.503
298.939 165.127
299.77 165.468
300.939 166.119
301.755 166.472
302.919 167.151
304.084 167.849
304.876 168.219
306.035 168.941
306.808 169.321
307.958 170.068
308.714 170.458
309.852 171.229
310.989 172.016
311.715 172.421
312.836 173.234
313.955 174.062
314.652 174.477
315.753 175.329
316.848 176.196
317.938 177.077
319.022 177.973
319.662 178.406
320.723 179.323
321.776 180.254
322.82 181.198
323.851 182.16
324.874 183.131
325.887 184.114
326.886 185.113
327.869 186.126
328.84 187.149
329.802 188.18
330.746 189.224
331.677 190.277
332.594 191.338
333.027 191.978
333.923 193.062
334.804 194.152
335.671 195.247
336.523 196.348
336.938 197.045
337.766 198.164
338.579 199.285
338.984 200.011
339.771 201.148
340.542 202.286
340.932 203.042
341.679 204.192
342.059 204.965
342.781 206.124
343.151 206.916
343.849 208.081
344.528 209.245
344.881 210.061
345.532 211.23
345.873 212.061
346.497 213.233
346.826 214.079
347.149 214.934
347.736 216.113
348.048 216.98
348.354 217.856
348.906 219.037
349.198 219.925
349.72 221.102
349.998 222.001
350.27 222.907
350.753 224.081
351.01 224.997
351.26 225.92
351.703 227.088
351.936 228.018
352.165 228.955
352.387 229.898
352.779 231.055
352.982 232.004
353.181 232.958
353.37 233.919
353.714 235.059
353.884 236.023
354.047 236.991
354.206 237.963
354.356 238.94
354.642 240.056
354.771 241.033
354.892 242.015
355.006 242.999
355.112 243.987
355.21 244.978
355.301 245.971
355.38 246.967
355.578 248.032
355.641 249.024
355.694 250.017
355.741 251.012
355.777 252.008
355.804 253.005
355.826 254.003
355.836 255.001
355.837 255.999
355.829 256.998
355.811 257.996
355.787 258.993
355.754 259.99
355.714 260.985
355.664 261.979
355.603 262.971
355.409 264.034
355.331 265.03
355.246 266.025
355.155 267.017
355.05 268.006
354.938 268.992
354.819 269.974
354.691 270.953
354.41 272.067
354.266 273.046
354.112 274.02
353.953 274.991
353.783 275.956
353.609 276.916
353.256 278.058
353.061 279.014
352.86 279.965
352.653 280.911
352.253 282.068
352.028 283.008
351.794 283.94
351.355 285.107
351.111 286.035
350.859 286.954
350.38 288.129
350.109 289.038
349.834 289.94
349.315 291.118
349.025 292.01
348.73 292.893
348.172 294.071
347.864 294.943
347.552 295.806
346.957 296.981
346.63 297.83
346.009 299.004
345.669 299.838
345.02 301.01
344.668 301.829
343.994 302.997
343.633 303.8
342.932 304.962
342.557 305.746
341.832 306.9
341.089 308.054
340.7 308.813
339.929 309.954
339.53 310.693
338.738 311.824
337.931 312.952
337.521 313.663
336.687 314.773
335.84 315.88
334.976 316.982
334.551 317.65
333.665 318.73
332.765 319.805
331.85 320.872
330.923 321.932
329.978 322.981
329.021 324.02
328.581 324.606
327.608 325.62
326.62 326.621
325.621 327.612
324.611 328.591
323.592 329.559
322.998 329.997
321.953 330.948
320.898 331.882
319.834 332.802
318.761 333.707
317.684 334.6
317.022 335.029
315.923 335.898
314.816 336.749
313.706 337.588
313.001 338.002
311.876 338.819
310.748 339.619
310.012 340.019
308.87 340.794
307.725 341.549
306.961 341.934
305.808 342.669
305.026 343.046
303.865 343.755
303.064 344.118
301.897 344.802
301.08 345.156
299.907 345.813
299.074 346.153
297.898 346.782
297.051 347.112
295.874 347.715
295.013 348.03
294.144 348.344
292.963 348.909
292.081 349.208
290.903 349.743
290.01 350.027
289.109 350.305
287.932 350.802
287.022 351.066
286.104 351.325
284.934 351.784
284.007 352.024
283.074 352.259
281.912 352.676
280.972 352.894
280.027 353.107
279.076 353.313
277.927 353.682
276.971 353.869
276.01 354.05
275.044 354.222
274.073 354.387
272.946 354.696
271.974 354.843
270.997 354.982
270.017 355.114
269.032 355.236
268.045 355.352
266.953 355.594
265.968 355.691
264.979 355.776
263.988 355.854
262.994 355.925
261.999 355.989
261.003 356.045
260.004 356.09
259.005 356.126
258.004 356.155
257.003 356.173
256.001 356.183
255 356.185
253.998 356.181
252.996 356.166
251.995 356.139
250.996 356.103
249.997 356.061
248.999 356.011
248.003 355.955
247.009 355.888
246.017 355.812
245.028 355.726
244.041 355.633
242.952 355.393
241.963 355.282
240.977 355.163
239.995 355.035
239.016 354.9
238.042 354.758
237.072 354.606
235.944 354.29
234.976 354.119
234.013 353.941
233.055 353.756
231.907 353.391
230.953 353.189
230.005 352.982
229.062 352.768
227.901 352.352
226.965 352.119
226.037 351.879
225.114 351.636
223.943 351.173
223.031 350.909
222.125 350.641
220.95 350.138
220.054 349.856
218.875 349.324
217.989 349.026
217.112 348.725
215.934 348.157
215.068 347.843
214.212 347.524
213.039 346.916
212.198 346.583
211.026 345.947
210.198 345.604
209.029 344.944
208.218 344.589
207.054 343.901
206.261 343.532
205.104 342.82
203.947 342.089
203.178 341.706
202.031 340.95
201.282 340.556
200.147 339.777
199.013 338.98
198.293 338.574
197.176 337.752
196.061 336.917
194.949 336.068
194.272 335.643
193.181 334.77
192.096 333.881
191.019 332.978
190.385 332.545
189.331 331.619
188.284 330.683
187.247 329.732
186.221 328.766
185.205 327.789
184.2 326.8
183.211 325.795
182.234 324.779
181.269 323.753
180.317 322.716
179.381 321.669
178.455 320.615
178.022 319.981
177.119 318.904
176.23 317.819
175.357 316.728
174.932 316.051
174.083 314.939
173.248 313.824
172.426 312.707
172.02 311.987
171.223 310.853
170.444 309.718
170.05 308.969
169.294 307.822
168.911 307.053
168.18 305.896
167.468 304.739
167.099 303.946
166.411 302.782
166.056 301.971
165.396 300.802
165.053 299.974
164.417 298.802
164.084 297.961
163.476 296.788
163.157 295.932
162.843 295.066
162.275 293.888
161.974 293.011
161.676 292.125
161.144 290.946
160.861 290.05
160.359 288.875
160.091 287.969
159.827 287.057
159.364 285.886
159.121 284.963
158.881 284.035
158.648 283.099
158.232 281.938
158.018 280.995
157.811 280.047
157.609 279.093
157.244 277.945
157.059 276.987
156.881 276.024
156.71 275.056
156.394 273.928
156.242 272.958
156.1 271.984
155.965 271.005
155.837 270.023
155.718 269.037
155.607 268.048
155.367 266.959
155.274 265.972
155.188 264.983
155.112 263.991
155.045 262.997
154.989 262.001
154.939 261.003
154.897 260.004
154.861 259.005
154.834 258.004
154.82 257.002
154.815 256
154.817 254.999
154.827 253.997
154.845 252.996
154.874 251.995
154.91 250.996
154.955 249.997
155.011 249.001
155.075 248.006
155.146 247.012
155.224 246.021
155.309 245.032